23 20 8 15 21 4 14 18 26 30
701
16 6 30 11 12 12 - 1 ticket
20 13 31 6 6 16 - 2 ticket
23 27 9 14 26 25 - 3 ticket
6 26 9 29 28 2 - 4 ticket
16 10 27 27 15 17 - 5 ticket
30 16 17 30 19 11 - 6 ticket
15 1 1 19 26 2 - 7 ticket
19 6 1 17 24 21 - 8 ticket
21 23 9 7 15 11 - 9 ticket
13 12 1 2 1 9 - 10 ticket
13 19 3 27 1 5 - 11 ticket
8 22 20 29 30 27 - 12 ticket
30 13 1 3 21 14 - 13 ticket
8 16 4 9 29 8 - 14 ticket
5 15 20 13 22 26 - 15 ticket
11 29 31 5 8 5 - 16 ticket
29 28 17 28 3 27 - 17 ticket
2 29 25 7 20 6 - 18 ticket
5 13 17 21 30 31 - 19 ticket
12 21 28 15 25 17 - 20 ticket
28 20 16 27 4 29 - 21 ticket
7 23 6 5 21 8 - 22 ticket
2 16 6 4 24 12 - 23 ticket
10 9 22 10 4 19 - 24 ticket
1 6 11 15 14 26 - 25 ticket
3 22 21 11 2 21 - 26 ticket
19 6 26 21 17 9 - 27 ticket
2 17 21 18 25 19 - 28 ticket
15 30 12 9 28 18 - 29 ticket
18 23 24 10 12 21 - 30 ticket
1 11 1 12 1 5 - 31 ticket
5 17 1 30 22 9 - 32 ticket
12 11 12 5 5 23 - 33 ticket
12 6 14 6 16 5 - 34 ticket
17 27 5 29 9 22 - 35 ticket
6 15 11 3 21 27 - 36 ticket
6 29 11 7 16 29 - 37 ticket
23 3 11 27 12 28 - 38 ticket
28 6 6 18 5 4 - 39 ticket
1 25 4 5 7 10 - 40 ticket
20 11 20 30 28 23 - 41 ticket
22 16 20 17 11 4 - 42 ticket
15 9 7 22 14 11 - 43 ticket
30 17 31 22 30 30 - 44 ticket
23 11 29 5 21 13 - 45 ticket
8 26 29 21 1 2 - 46 ticket
3 14 22 3 16 1 - 47 ticket
9 25 18 17 19 22 - 48 ticket
11 6 12 20 28 28 - 49 ticket
25 8 3 14 7 28 - 50 ticket
7 24 17 1 29 9 - 51 ticket
19 5 20 7 11 23 - 52 ticket
23 29 7 23 21 15 - 53 ticket
18 17 31 26 31 10 - 54 ticket
31 29 13 17 8 30 - 55 ticket
26 25 26 19 29 6 - 56 ticket
25 23 15 22 18 7 - 57 ticket
6 16 2 17 31 2 - 58 ticket
5 23 23 14 13 30 - 59 ticket
19 14 16 8 20 20 - 60 ticket
4 21 12 31 29 8 - 61 ticket
5 5 19 15 17 29 - 62 ticket
22 28 19 21 10 3 - 63 ticket
27 27 25 18 22 29 - 64 ticket
22 23 17 27 2 12 - 65 ticket
29 9 18 6 13 12 - 66 ticket
5 15 22 24 4 7 - 67 ticket
26 9 2 25 10 8 - 68 ticket
27 18 28 7 16 24 - 69 ticket
16 13 9 12 20 17 - 70 ticket
24 11 3 18 10 24 - 71 ticket
31 18 30 24 10 3 - 72 ticket
16 5 25 24 17 29 - 73 ticket
3 23 27 22 9 21 - 74 ticket
24 7 2 18 3 15 - 75 ticket
24 12 28 3 23 4 - 76 ticket
4 17 17 15 17 11 - 77 ticket
24 3 4 30 30 8 - 78 ticket
2 16 15 26 28 1 - 79 ticket
5 6 31 21 31 19 - 80 ticket
3 31 14 4 31 18 - 81 ticket
23 14 23 15 8 16 - 82 ticket
2 3 10 7 26 7 - 83 ticket
29 27 4 19 23 6 - 84 ticket
23 9 25 19 31 6 - 85 ticket
31 15 13 12 19 15 - 86 ticket
26 17 25 27 10 23 - 87 ticket
24 16 5 19 22 28 - 88 ticket
26 29 3 27 12 17 - 89 ticket
15 5 28 10 13 5 - 90 ticket
13 20 6 27 11 8 - 91 ticket
31 3 17 7 28 15 - 92 ticket
11 21 31 1 28 5 - 93 ticket
8 17 24 14 26 15 - 94 ticket
26 31 16 29 29 3 - 95 ticket
11 6 8 24 30 28 - 96 ticket
10 8 2 5 30 14 - 97 ticket
3 30 23 17 19 11 - 98 ticket
11 6 11 30 10 21 - 99 ticket
27 28 15 7 24 8 - 100 ticket
12 8 9 7 27 23 - 101 ticket
30 6 10 30 25 16 - 102 ticket
9 21 18 23 10 3 - 103 ticket
15 1 10 16 28 23 - 104 ticket
13 27 4 23 24 5 - 105 ticket
6 4 21 7 24 22 - 106 ticket
16 3 2 18 6 15 - 107 ticket
2 19 26 7 8 22 - 108 ticket
6 25 2 4 24 4 - 109 ticket
19 9 7 18 24 19 - 110 ticket
9 27 5 9 25 26 - 111 ticket
3 4 18 23 15 11 - 112 ticket
18 5 29 20 21 24 - 113 ticket
6 22 2 14 15 31 - 114 ticket
15 9 24 21 17 30 - 115 ticket
26 15 27 17 1 6 - 116 ticket
11 28 31 31 17 10 - 117 ticket
10 20 17 20 7 6 - 118 ticket
6 2 6 30 10 6 - 119 ticket
11 27 12 19 16 4 - 120 ticket
27 12 6 21 9 26 - 121 ticket
4 7 22 5 5 26 - 122 ticket
11 6 25 9 28 5 - 123 ticket
9 8 29 29 29 20 - 124 ticket
31 22 8 11 31 2 - 125 ticket
11 22 15 15 5 23 - 126 ticket
11 31 10 20 21 2 - 127 ticket
13 12 6 10 5 4 - 128 ticket
10 3 22 25 28 1 - 129 ticket
28 23 13 12 8 27 - 130 ticket
2 19 24 16 23 2 - 131 ticket
14 23 16 31 5 3 - 132 ticket
26 23 9 1 3 10 - 133 ticket
10 26 27 1 21 25 - 134 ticket
22 10 1 27 8 16 - 135 ticket
26 2 3 20 18 6 - 136 ticket
25 29 22 18 23 5 - 137 ticket
9 5 26 31 7 8 - 138 ticket
20 28 29 7 3 28 - 139 ticket
13 7 17 27 13 17 - 140 ticket
24 12 25 30 31 10 - 141 ticket
28 12 12 29 5 25 - 142 ticket
27 4 22 24 20 17 - 143 ticket
24 24 10 14 8 16 - 144 ticket
10 3 28 2 3 21 - 145 ticket
28 13 10 17 29 29 - 146 ticket
21 18 12 11 11 20 - 147 ticket
7 13 2 16 10 23 - 148 ticket
10 21 12 1 16 10 - 149 ticket
15 24 13 14 23 6 - 150 ticket
25 18 7 19 21 25 - 151 ticket
2 10 27 19 8 27 - 152 ticket
11 21 5 9 26 5 - 153 ticket
26 15 8 28 11 3 - 154 ticket
23 7 11 5 8 15 - 155 ticket
4 31 11 27 19 22 - 156 ticket
23 5 10 15 6 4 - 157 ticket
24 7 11 21 8 20 - 158 ticket
25 7 28 2 27 5 - 159 ticket
9 25 23 22 7 15 - 160 ticket
24 21 25 13 12 28 - 161 ticket
13 30 9 3 9 3 - 162 ticket
15 2 17 10 1 5 - 163 ticket
5 10 13 18 9 15 - 164 ticket
4 9 13 21 5 24 - 165 ticket
10 1 24 4 12 31 - 166 ticket
19 16 30 13 12 2 - 167 ticket
19 14 1 16 29 30 - 168 ticket
11 23 29 26 9 15 - 169 ticket
12 12 2 1 11 5 - 170 ticket
4 15 26 30 21 29 - 171 ticket
30 25 18 28 23 14 - 172 ticket
2 17 3 12 3 9 - 173 ticket
31 23 21 11 21 16 - 174 ticket
30 27 9 7 19 25 - 175 ticket
17 19 3 3 23 20 - 176 ticket
23 27 8 1 18 9 - 177 ticket
31 17 21 14 1 8 - 178 ticket
4 22 17 22 12 25 - 179 ticket
2 28 31 25 9 12 - 180 ticket
19 15 11 11 28 7 - 181 ticket
6 14 24 11 5 26 - 182 ticket
31 6 16 20 11 25 - 183 ticket
13 14 7 13 8 28 - 184 ticket
15 20 25 15 13 27 - 185 ticket
6 6 6 7 26 8 - 186 ticket
1 29 28 28 29 25 - 187 ticket
30 15 5 4 14 13 - 188 ticket
2 17 16 6 22 12 - 189 ticket
23 13 8 1 20 12 - 190 ticket
8 9 13 30 3 9 - 191 ticket
24 25 12 6 9 2 - 192 ticket
21 9 21 15 4 4 - 193 ticket
13 27 2 16 19 15 - 194 ticket
25 31 20 25 30 18 - 195 ticket
19 16 13 18 7 22 - 196 ticket
25 11 13 27 7 4 - 197 ticket
7 23 25 25 19 13 - 198 ticket
22 30 18 15 20 4 - 199 ticket
24 18 5 16 11 3 - 200 ticket
28 4 15 7 26 22 - 201 ticket
1 1 11 21 26 8 - 202 ticket
30 1 3 25 15 6 - 203 ticket
14 5 11 11 8 29 - 204 ticket
19 9 20 18 17 24 - 205 ticket
15 1 4 11 17 7 - 206 ticket
21 1 9 1 17 4 - 207 ticket
14 29 21 16 8 22 - 208 ticket
30 14 16 30 9 28 - 209 ticket
18 6 30 19 15 23 - 210 ticket
9 23 30 26 2 6 - 211 ticket
7 31 6 14 6 4 - 212 ticket
2 25 30 17 1 7 - 213 ticket
22 13 17 28 20 8 - 214 ticket
13 27 12 5 28 8 - 215 ticket
8 11 5 6 16 30 - 216 ticket
29 6 23 21 18 5 - 217 ticket
29 17 20 4 23 29 - 218 ticket
27 6 28 28 7 3 - 219 ticket
15 16 27 23 24 30 - 220 ticket
30 5 10 28 25 26 - 221 ticket
11 8 23 21 1 24 - 222 ticket
13 10 9 15 16 4 - 223 ticket
14 17 31 25 7 8 - 224 ticket
25 16 19 8 24 20 - 225 ticket
24 25 12 29 3 10 - 226 ticket
10 1 31 26 1 26 - 227 ticket
31 9 8 29 28 4 - 228 ticket
8 26 2 30 13 22 - 229 ticket
17 30 5 24 17 12 - 230 ticket
6 28 21 10 20 31 - 231 ticket
16 20 23 23 6 8 - 232 ticket
21 26 27 5 8 12 - 233 ticket
16 12 13 6 17 17 - 234 ticket
27 22 8 19 27 19 - 235 ticket
25 21 20 10 16 5 - 236 ticket
28 19 19 24 26 8 - 237 ticket
28 25 31 21 1 13 - 238 ticket
8 29 26 14 24 13 - 239 ticket
24 18 8 13 8 27 - 240 ticket
4 4 19 6 4 17 - 241 ticket
28 26 2 7 28 22 - 242 ticket
8 8 31 13 8 19 - 243 ticket
26 30 2 20 2 6 - 244 ticket
12 25 26 24 15 17 - 245 ticket
3 19 13 23 25 25 - 246 ticket
14 14 17 5 31 20 - 247 ticket
23 6 7 3 31 26 - 248 ticket
25 29 29 23 12 16 - 249 ticket
12 5 4 24 21 25 - 250 ticket
14 29 5 25 3 29 - 251 ticket
6 3 12 13 22 5 - 252 ticket
3 18 6 15 16 23 - 253 ticket
2 20 24 30 9 20 - 254 ticket
11 16 20 9 21 23 - 255 ticket
7 13 9 26 22 18 - 256 ticket
3 12 10 7 14 6 - 257 ticket
28 1 1 4 9 2 - 258 ticket
8 2 18 13 28 17 - 259 ticket
24 23 4 17 16 19 - 260 ticket
21 23 12 29 16 4 - 261 ticket
26 14 12 26 11 24 - 262 ticket
5 22 5 20 2 21 - 263 ticket
17 21 24 12 26 2 - 264 ticket
7 15 22 24 16 28 - 265 ticket
19 15 26 11 13 22 - 266 ticket
25 13 11 30 4 7 - 267 ticket
21 29 1 13 30 21 - 268 ticket
2 13 13 26 20 11 - 269 ticket
17 22 5 26 16 6 - 270 ticket
9 12 29 21 21 16 - 271 ticket
12 31 10 2 21 22 - 272 ticket
24 16 18 25 31 26 - 273 ticket
20 26 17 9 9 10 - 274 ticket
19 16 18 12 19 30 - 275 ticket
29 26 27 3 9 27 - 276 ticket
31 8 20 5 17 6 - 277 ticket
18 3 26 14 10 7 - 278 ticket
10 2 3 7 28 21 - 279 ticket
1 17 24 3 23 10 - 280 ticket
23 27 9 16 11 1 - 281 ticket
23 14 4 21 7 12 - 282 ticket
21 16 2 1 12 14 - 283 ticket
30 11 7 20 25 12 - 284 ticket
21 4 6 14 14 20 - 285 ticket
7 4 14 22 10 8 - 286 ticket
26 13 23 1 2 12 - 287 ticket
21 23 11 28 21 17 - 288 ticket
26 28 31 21 8 13 - 289 ticket
22 19 12 16 3 14 - 290 ticket
26 6 18 11 26 18 - 291 ticket
28 5 19 15 11 14 - 292 ticket
6 16 20 20 29 7 - 293 ticket
27 8 22 29 30 9 - 294 ticket
28 16 20 3 7 25 - 295 ticket
16 15 5 21 18 16 - 296 ticket
4 5 1 7 8 15 - 297 ticket
22 16 13 20 14 6 - 298 ticket
7 16 13 22 20 31 - 299 ticket
10 31 10 7 19 7 - 300 ticket
3 15 28 22 29 18 - 301 ticket
14 11 27 27 6 12 - 302 ticket
3 13 31 26 20 30 - 303 ticket
29 27 17 16 6 10 - 304 ticket
25 5 21 13 12 10 - 305 ticket
19 18 13 26 25 12 - 306 ticket
20 13 12 4 10 24 - 307 ticket
26 12 22 16 11 5 - 308 ticket
16 17 19 30 22 10 - 309 ticket
14 2 15 23 13 9 - 310 ticket
23 17 2 24 30 8 - 311 ticket
12 3 12 28 25 15 - 312 ticket
20 14 12 18 21 18 - 313 ticket
4 20 30 14 12 5 - 314 ticket
11 28 23 13 14 22 - 315 ticket
26 25 15 2 31 15 - 316 ticket
13 29 12 15 26 31 - 317 ticket
15 19 20 24 1 3 - 318 ticket
5 21 9 3 1 6 - 319 ticket
22 23 15 28 25 16 - 320 ticket
5 21 26 4 12 5 - 321 ticket
21 23 6 27 24 21 - 322 ticket
18 18 4 24 23 18 - 323 ticket
11 15 27 7 1 6 - 324 ticket
10 17 22 29 5 4 - 325 ticket
25 28 9 1 30 13 - 326 ticket
13 24 21 29 7 16 - 327 ticket
27 17 12 3 2 5 - 328 ticket
24 29 7 24 16 6 - 329 ticket
29 13 5 6 8 17 - 330 ticket
9 11 30 5 28 10 - 331 ticket
21 19 9 28 23 21 - 332 ticket
23 27 27 31 27 28 - 333 ticket
14 9 17 3 15 3 - 334 ticket
30 18 2 25 11 18 - 335 ticket
30 24 16 15 11 23 - 336 ticket
8 9 19 15 23 15 - 337 ticket
8 19 22 11 23 24 - 338 ticket
13 7 12 5 1 10 - 339 ticket
18 23 27 23 16 25 - 340 ticket
17 31 16 26 22 18 - 341 ticket
27 3 1 14 7 15 - 342 ticket
20 10 28 5 31 23 - 343 ticket
19 30 3 15 3 26 - 344 ticket
12 23 16 13 20 29 - 345 ticket
17 22 16 26 20 1 - 346 ticket
16 27 19 2 11 11 - 347 ticket
11 15 30 6 29 16 - 348 ticket
25 27 3 3 12 25 - 349 ticket
25 11 27 30 7 5 - 350 ticket
6 2 9 14 23 2 - 351 ticket
19 5 30 29 13 8 - 352 ticket
3 16 16 2 8 25 - 353 ticket
17 17 12 26 22 31 - 354 ticket
10 17 6 4 6 6 - 355 ticket
26 23 19 1 4 14 - 356 ticket
13 9 14 3 16 24 - 357 ticket
17 7 31 8 21 25 - 358 ticket
13 3 23 13 28 21 - 359 ticket
27 3 17 9 12 11 - 360 ticket
27 6 3 2 7 2 - 361 ticket
17 23 29 12 30 26 - 362 ticket
9 31 2 7 24 21 - 363 ticket
22 18 11 4 31 12 - 364 ticket
25 22 23 19 11 14 - 365 ticket
28 10 27 30 6 15 - 366 ticket
10 14 13 30 15 15 - 367 ticket
1 27 11 15 14 6 - 368 ticket
1 25 27 17 5 31 - 369 ticket
20 30 27 6 17 14 - 370 ticket
31 12 19 23 13 3 - 371 ticket
12 31 23 27 19 25 - 372 ticket
17 28 31 28 25 24 - 373 ticket
5 6 18 30 6 6 - 374 ticket
26 2 13 11 31 6 - 375 ticket
21 7 19 28 13 9 - 376 ticket
28 6 7 9 21 13 - 377 ticket
10 14 2 6 4 27 - 378 ticket
4 15 21 19 12 25 - 379 ticket
31 25 7 16 11 3 - 380 ticket
22 3 12 25 11 28 - 381 ticket
2 1 24 22 17 11 - 382 ticket
24 19 17 9 16 4 - 383 ticket
29 17 9 31 2 11 - 384 ticket
19 6 29 1 21 7 - 385 ticket
14 26 23 17 21 9 - 386 ticket
18 21 8 17 4 27 - 387 ticket
11 21 3 27 17 15 - 388 ticket
23 28 8 18 30 27 - 389 ticket
18 5 23 21 31 23 - 390 ticket
13 15 11 18 8 20 - 391 ticket
6 24 22 10 17 12 - 392 ticket
10 23 15 9 30 21 - 393 ticket
23 28 7 10 15 23 - 394 ticket
19 11 30 13 3 15 - 395 ticket
18 19 15 16 31 2 - 396 ticket
5 11 31 28 24 18 - 397 ticket
9 14 30 11 18 9 - 398 ticket
10 30 29 22 12 25 - 399 ticket
16 9 14 23 17 21 - 400 ticket
29 18 21 13 31 3 - 401 ticket
12 6 26 24 13 18 - 402 ticket
14 5 15 21 11 20 - 403 ticket
18 13 3 5 27 24 - 404 ticket
12 13 31 21 24 4 - 405 ticket
28 22 12 11 31 2 - 406 ticket
20 2 15 21 19 23 - 407 ticket
18 29 8 10 23 13 - 408 ticket
13 4 16 8 1 14 - 409 ticket
29 4 2 29 19 3 - 410 ticket
21 7 27 30 24 20 - 411 ticket
29 22 16 24 20 22 - 412 ticket
12 18 26 30 2 13 - 413 ticket
10 14 9 2 6 31 - 414 ticket
16 27 11 21 9 14 - 415 ticket
17 9 29 3 23 17 - 416 ticket
17 5 3 31 5 5 - 417 ticket
13 27 8 11 3 23 - 418 ticket
4 20 22 7 23 7 - 419 ticket
1 16 23 2 24 8 - 420 ticket
7 11 25 14 11 16 - 421 ticket
5 11 31 21 1 13 - 422 ticket
26 26 19 19 8 1 - 423 ticket
30 17 10 20 2 10 - 424 ticket
27 28 22 2 30 3 - 425 ticket
31 3 13 18 13 31 - 426 ticket
10 20 8 18 14 28 - 427 ticket
24 25 8 31 26 6 - 428 ticket
29 2 2 28 4 13 - 429 ticket
6 18 2 30 12 15 - 430 ticket
10 19 18 22 5 8 - 431 ticket
17 4 24 31 19 5 - 432 ticket
15 22 14 25 9 17 - 433 ticket
21 6 17 22 8 16 - 434 ticket
23 27 8 27 3 8 - 435 ticket
15 7 30 11 14 27 - 436 ticket
17 20 7 18 16 9 - 437 ticket
23 31 8 15 7 4 - 438 ticket
9 11 30 2 27 30 - 439 ticket
2 3 14 11 23 13 - 440 ticket
26 12 11 14 15 7 - 441 ticket
7 1 22 31 10 29 - 442 ticket
8 26 13 13 11 17 - 443 ticket
1 15 6 19 15 1 - 444 ticket
26 28 9 26 17 15 - 445 ticket
7 10 17 1 14 6 - 446 ticket
26 16 31 10 31 10 - 447 ticket
4 6 18 10 7 24 - 448 ticket
28 8 25 3 6 26 - 449 ticket
15 20 12 9 24 18 - 450 ticket
20 24 22 24 5 12 - 451 ticket
17 28 5 21 10 8 - 452 ticket
30 23 16 10 17 12 - 453 ticket
3 12 1 1 8 24 - 454 ticket
20 4 10 6 7 17 - 455 ticket
9 1 22 4 7 12 - 456 ticket
4 23 3 13 30 16 - 457 ticket
29 4 1 5 21 27 - 458 ticket
17 16 4 9 12 26 - 459 ticket
8 27 3 3 24 20 - 460 ticket
17 25 18 24 3 17 - 461 ticket
24 12 11 21 5 19 - 462 ticket
6 2 5 6 5 3 - 463 ticket
7 12 26 1 16 14 - 464 ticket
7 9 14 21 7 27 - 465 ticket
13 6 8 28 10 14 - 466 ticket
20 22 9 17 11 26 - 467 ticket
14 2 15 22 7 19 - 468 ticket
15 10 8 16 26 31 - 469 ticket
9 25 19 6 26 15 - 470 ticket
13 22 20 12 8 13 - 471 ticket
31 27 23 16 17 4 - 472 ticket
24 28 21 29 7 30 - 473 ticket
31 26 17 6 5 8 - 474 ticket
17 22 6 1 16 30 - 475 ticket
22 17 22 14 6 27 - 476 ticket
16 3 9 4 7 4 - 477 ticket
7 22 10 26 18 14 - 478 ticket
11 18 30 13 28 22 - 479 ticket
18 12 3 30 11 25 - 480 ticket
13 12 21 4 24 7 - 481 ticket
21 14 19 24 13 9 - 482 ticket
9 28 4 8 29 7 - 483 ticket
8 29 19 12 15 18 - 484 ticket
19 22 28 19 7 27 - 485 ticket
15 13 25 15 4 22 - 486 ticket
11 30 9 3 16 20 - 487 ticket
30 7 22 11 28 1 - 488 ticket
3 29 20 9 7 18 - 489 ticket
4 22 7 14 27 26 - 490 ticket
31 22 13 31 2 12 - 491 ticket
23 27 29 25 8 17 - 492 ticket
23 12 17 3 11 26 - 493 ticket
5 21 3 19 11 16 - 494 ticket
9 6 9 22 21 14 - 495 ticket
27 27 11 2 1 11 - 496 ticket
8 31 15 17 14 3 - 497 ticket
3 15 8 19 27 30 - 498 ticket
17 13 29 8 19 27 - 499 ticket
26 31 5 26 30 21 - 500 ticket
21 5 15 8 8 24 - 501 ticket
13 5 13 1 18 20 - 502 ticket
13 13 2 28 26 27 - 503 ticket
14 10 21 23 27 7 - 504 ticket
22 17 22 20 19 7 - 505 ticket
16 9 19 1 23 23 - 506 ticket
19 11 19 29 1 12 - 507 ticket
10 10 23 20 15 29 - 508 ticket
28 25 4 1 29 5 - 509 ticket
10 15 10 26 26 21 - 510 ticket
11 8 13 6 7 17 - 511 ticket
5 23 15 20 7 27 - 512 ticket
8 22 2 30 26 30 - 513 ticket
18 31 12 24 31 31 - 514 ticket
14 11 8 28 11 4 - 515 ticket
20 25 17 15 26 9 - 516 ticket
14 29 8 11 25 23 - 517 ticket
16 15 12 12 29 26 - 518 ticket
23 31 3 13 8 21 - 519 ticket
8 28 10 23 10 30 - 520 ticket
17 19 6 12 4 20 - 521 ticket
31 2 2 9 23 19 - 522 ticket
7 19 19 20 17 27 - 523 ticket
12 13 28 7 23 29 - 524 ticket
5 18 18 7 19 10 - 525 ticket
13 18 20 3 13 2 - 526 ticket
8 5 15 22 14 27 - 527 ticket
20 23 31 23 6 25 - 528 ticket
5 6 6 28 8 18 - 529 ticket
23 22 2 7 23 15 - 530 ticket
19 24 23 14 26 22 - 531 ticket
2 24 11 23 2 18 - 532 ticket
25 27 20 26 7 7 - 533 ticket
12 13 11 20 1 1 - 534 ticket
14 23 5 6 16 11 - 535 ticket
29 26 3 8 18 14 - 536 ticket
20 9 15 10 24 16 - 537 ticket
2 19 24 29 14 24 - 538 ticket
7 11 18 14 1 14 - 539 ticket
17 24 28 11 17 25 - 540 ticket
27 5 11 21 3 4 - 541 ticket
13 11 23 1 2 11 - 542 ticket
6 24 15 26 9 30 - 543 ticket
2 5 4 9 20 29 - 544 ticket
17 13 16 4 14 25 - 545 ticket
4 3 7 16 14 15 - 546 ticket
4 12 27 9 12 10 - 547 ticket
27 21 12 4 18 14 - 548 ticket
13 25 2 5 6 24 - 549 ticket
7 5 31 14 29 2 - 550 ticket
6 29 19 3 19 18 - 551 ticket
19 2 3 22 21 29 - 552 ticket
3 1 22 22 17 9 - 553 ticket
20 18 28 30 20 24 - 554 ticket
31 13 6 25 21 23 - 555 ticket
7 31 27 12 12 21 - 556 ticket
10 13 24 20 1 16 - 557 ticket
10 1 18 10 7 28 - 558 ticket
19 24 1 6 24 12 - 559 ticket
29 24 18 28 16 24 - 560 ticket
21 13 24 13 27 15 - 561 ticket
31 30 8 9 24 23 - 562 ticket
18 11 29 31 11 24 - 563 ticket
28 23 1 17 21 24 - 564 ticket
6 31 21 23 29 3 - 565 ticket
1 14 10 18 13 20 - 566 ticket
25 14 3 24 18 25 - 567 ticket
2 3 23 26 29 23 - 568 ticket
8 19 11 4 5 5 - 569 ticket
18 27 8 4 18 4 - 570 ticket
1 12 29 9 26 7 - 571 ticket
4 23 14 27 21 3 - 572 ticket
4 1 5 21 13 9 - 573 ticket
30 14 14 19 20 1 - 574 ticket
27 11 18 26 10 2 - 575 ticket
27 10 8 30 28 3 - 576 ticket
7 21 13 10 25 14 - 577 ticket
23 15 26 6 21 9 - 578 ticket
15 4 8 2 25 13 - 579 ticket
9 24 23 7 22 7 - 580 ticket
26 3 6 29 5 21 - 581 ticket
17 7 8 22 30 15 - 582 ticket
15 18 8 13 26 22 - 583 ticket
2 23 24 15 2 30 - 584 ticket
9 26 31 10 13 19 - 585 ticket
18 20 29 29 26 30 - 586 ticket
12 27 1 24 30 31 - 587 ticket
25 7 6 5 26 16 - 588 ticket
25 14 6 3 4 3 - 589 ticket
16 31 17 21 25 12 - 590 ticket
30 29 7 19 31 20 - 591 ticket
13 25 12 6 23 31 - 592 ticket
1 11 21 30 16 25 - 593 ticket
16 8 15 22 18 1 - 594 ticket
30 4 12 5 7 29 - 595 ticket
12 25 31 8 7 26 - 596 ticket
18 1 24 8 15 27 - 597 ticket
26 28 17 6 5 6 - 598 ticket
9 9 23 10 2 2 - 599 ticket
9 15 12 26 14 27 - 600 ticket
2 28 20 19 19 9 - 601 ticket
9 23 26 9 8 30 - 602 ticket
3 27 6 23 12 14 - 603 ticket
14 7 14 25 26 28 - 604 ticket
16 29 8 12 31 31 - 605 ticket
15 17 14 15 10 2 - 606 ticket
5 15 30 11 22 5 - 607 ticket
8 10 1 18 25 7 - 608 ticket
12 23 30 17 3 12 - 609 ticket
9 21 20 15 25 18 - 610 ticket
27 14 12 17 27 24 - 611 ticket
28 24 31 6 27 28 - 612 ticket
12 9 25 9 12 23 - 613 ticket
3 22 7 18 14 14 - 614 ticket
5 19 12 4 6 4 - 615 ticket
27 16 9 1 16 3 - 616 ticket
1 22 10 31 14 18 - 617 ticket
30 25 16 19 15 9 - 618 ticket
12 20 20 11 5 1 - 619 ticket
9 13 24 5 1 31 - 620 ticket
24 24 19 12 13 3 - 621 ticket
5 23 15 28 12 5 - 622 ticket
21 14 19 28 27 17 - 623 ticket
8 19 28 20 21 16 - 624 ticket
9 26 5 24 11 7 - 625 ticket
3 12 3 23 17 17 - 626 ticket
2 25 6 26 15 19 - 627 ticket
19 8 3 10 5 15 - 628 ticket
31 26 1 6 18 26 - 629 ticket
2 9 29 17 30 24 - 630 ticket
2 23 2 25 25 7 - 631 ticket
5 13 20 7 19 26 - 632 ticket
9 8 1 2 19 14 - 633 ticket
29 24 17 24 1 9 - 634 ticket
9 24 14 3 21 23 - 635 ticket
3 17 13 1 24 26 - 636 ticket
6 26 24 30 1 19 - 637 ticket
9 15 3 11 14 2 - 638 ticket
23 23 10 30 4 14 - 639 ticket
3 15 3 7 14 3 - 640 ticket
29 25 14 23 24 20 - 641 ticket
4 22 25 18 31 21 - 642 ticket
17 3 24 20 11 4 - 643 ticket
24 20 30 28 25 4 - 644 ticket
29 1 19 26 15 24 - 645 ticket
9 17 30 30 25 27 - 646 ticket
22 11 8 21 11 26 - 647 ticket
2 1 22 10 22 29 - 648 ticket
18 8 2 13 30 14 - 649 ticket
9 9 4 15 8 12 - 650 ticket
23 4 21 26 6 31 - 651 ticket
12 10 7 10 22 22 - 652 ticket
2 3 24 10 17 30 - 653 ticket
18 17 2 15 23 15 - 654 ticket
10 10 31 3 1 30 - 655 ticket
15 30 31 27 12 20 - 656 ticket
14 13 14 11 7 26 - 657 ticket
3 13 6 2 13 24 - 658 ticket
9 11 29 11 21 21 - 659 ticket
21 23 11 12 24 12 - 660 ticket
4 6 2 26 28 1 - 661 ticket
29 11 5 2 11 14 - 662 ticket
12 17 13 17 16 23 - 663 ticket
10 5 11 17 18 2 - 664 ticket
28 30 4 3 12 26 - 665 ticket
6 27 7 24 27 8 - 666 ticket
26 31 24 24 15 28 - 667 ticket
21 3 18 7 30 29 - 668 ticket
29 13 23 9 13 2 - 669 ticket
29 7 12 11 3 2 - 670 ticket
7 18 3 17 13 22 - 671 ticket
10 26 18 7 5 10 - 672 ticket
22 4 3 7 13 15 - 673 ticket
14 5 15 21 21 14 - 674 ticket
5 6 27 8 3 22 - 675 ticket
23 26 18 13 11 14 - 676 ticket
7 22 19 18 16 13 - 677 ticket
6 23 28 6 19 17 - 678 ticket
18 14 12 7 19 16 - 679 ticket
23 18 22 13 15 27 - 680 ticket
31 1 12 14 8 29 - 681 ticket
17 24 27 4 7 6 - 682 ticket
21 20 18 10 23 15 - 683 ticket
21 27 23 9 2 22 - 684 ticket
26 4 6 26 10 30 - 685 ticket
8 17 20 16 31 18 - 686 ticket
28 10 13 4 26 24 - 687 ticket
30 3 13 28 15 8 - 688 ticket
4 19 18 9 16 1 - 689 ticket
8 26 12 21 27 21 - 690 ticket
24 3 9 22 13 28 - 691 ticket
9 10 22 22 24 13 - 692 ticket
11 8 21 13 18 2 - 693 ticket
17 9 29 15 17 7 - 694 ticket
16 25 3 6 20 23 - 695 ticket
22 23 2 6 26 6 - 696 ticket
7 16 16 13 17 18 - 697 ticket
24 8 12 17 24 1 - 698 ticket
17 24 2 29 22 9 - 699 ticket
8 23 23 10 20 22 - 700 ticket
26 25 7 3 16 12 - 701 ticket
